#/home/marmot/anaconda3/envs/py11/lib/python3.11/site-packages/ipykernel_launcher.py --f=/run/user/1000/jupyter/runtime/kernel-v33265aeac900ee337f3afecfadeb6f12e73426960.json
# GMT Thu Nov 27 08:21:38 2025
# 
1 2
2 3
3 4
4 5
5 6
6 7
7 8
8 9
9 10
10 11
11 12
12 13
13 14
14 15
15 16
16 17
17 18
18 19
19 20
20 21
21 22
22 23
23 24
24 25
25 26
26 27
27 28
28 29
29 30
30 31
31 32
32 33
33 34
34 35
35 36
36 37
37 38
38 39
39 40
40 41
41 42
42 43
43 44
44 45
45 46
46 47
47 48
48 49
49 50
50 51
51 52
52 53
53 54
54 55
55 56
56 57
57 58
58 59
59 60
60 61
61 62
62 63
63 64
64 65
65 66
66 67
67 68
68 69
69 70
70 71
71 72
72 73
73 74
74 75
75 76
76 77
77 78
78 79
79 80
80 81
81 82
82 83
83 84
84 85
85 86
86 87
87 88
88 89
89 90
90 91
91 92
92 93
93 94
94 95
95 96
96 97
97 98
98 99
99 100
100 101
101 102
102 103
103 104
104 105
105 106
106 107
107 108
108 109
109 110
110 111
111 112
112 113
113 114
114 115
115 116
116 117
117 118
118 119
119 120
120 121
121 122
122 123
123 124
124 125
125 126
126 127
127 128
128 129
129 130
130 131
131 132
132 133
133 134
134 135
135 136
136 137
137 138
138 139
139 140
140 141
141 142
142 143
143 144
144 145
145 146
146 147
147 148
148 149
149 150
150 151
151 152
152 153
153 154 2690
154 155 2688
155 156 2687
156 157 2687
157 158 2686
158 159 2685
159 160 2685
160 161 2684
161 162 2684
162 163 2683
163 164 2683
164 165 2682
165 166 2682
166 167 2681
167 168 2681
168 169 2681
169 170 2681
170 171 2682
171 172
172 173
173 174
174 175
175 176
176 177
177 178
178 179
179 180
180 181
181 182
182 183
183 184
184 185
185 186
186 187
187 188
188 189
189 190
190 191
191 192
192 193
193 194
194 195
195 196
196 197
197 198
198 199
199 200
200 201
201 202
202 203
203 204
204 205
205 206
206 207
207 208
208 209
209 210
210 211
211 212
212 213
213 214
214 215
215 216
216 217
217 218
218 219
219 220
220 221
221 222
222 223
223 224
224 225
225 226
226 227
227 228
228 229
229 230
230 231
231 232
232 233
233 234
234 235
235 236
236 237
237 238
238 239
239 240
240 241
241 242
242 243
243 244
244 245
245 246
246 247
247 248
248 249
249 250
250 251
251 252
252 253
253 254
254 255
255 256
256 257
257 258
258 259
259 260
260 261
261 262
262 263
263 264
264 265
265 266
266 267
267 268
268 269
269 270
270 271
271 272
272 273
273 274
274 275
275 276
276 277
277 278
278 279
279 280
280 281
281 282
282 283
283 284
284 285
285 286
286 287
287 288
288 289
289 290
290 291
291 292
292 293
293 294
294 295
295 296
296 297
297 298
298 299
299 300
300 301
301 302
302 303
303 304
304 305
305 306
306 307
307 308
308 309
309 310
310 311
311 312
312 313
313 314
314 315
315 316
316 317
317 318
318 319
319 320
320 321
321 322
322 323
323 324
324 325
325 326
326 327
327 328
328 329
329 330
330 331
331 332
332 333
333 334
334 335
335 336
336 337
337 338
338 339
339 340
340 341
341 342
342 343
343 344
344 345
345 346
346 347
347 348
348 349
349 350
350 351
351 352
352 353
353 354
354 355
355 356
356 357
357 358
358 359
359 360
360 361
361 362
362 363
363 364
364 365
365 366
366 367
367 368
368 369
369 370
370 371
371 372
372 373
373 374
374 375
375 376
376 377
377 378
378 379
379 380
380 381
381 382
382 383
383 384
384 385
385 386
386 387
387 388
388 389
389 390
390 391
391 392
392 393
393 394
394 395
395 396
396 397
397 398
398
399 400 3590
400 401 3590
401 402 3590
402 403 3590
403 404 3590
404 405 3590
405 406 3590
406 407 3590
407 408
408 409
409 410
410 411
411 412
412 413
413 414
414 415
415 416
416 417
417 418
418 419
419 420
420 421
421 422
422 423
423 424
424 425
425 426
426 427
427 428
428 429
429 430
430 431
431 432
432 433
433 434
434 435
435 436
436 437
437 438
438 439
439 440
440 441
441 442
442 443
443 444
444 445
445 446
446 447
447 448
448 449
449 450
450 451
451 452
452 453
453 454
454 455
455 456
456 457
457 458
458 459
459 460
460 461
461 462
462 463
463 464
464 465
465 466
466 467
467 468
468 469
469 470
470 471
471 472
472 473
473 474
474 475
475 476
476 477
477 478
478 479
479 480
480 481
481 482
482 483
483 484
484 485
485 486
486 487
487 488
488 489
489 490
490 491
491 492
492 493
493 494
494 495
495 496
496 497
497 498
498 499
499 500
500 501
501 502
502 503
503 504
504 505
505 506
506 507
507 508
508 509
509 510
510 511
511 512
512 513
513 514
514 515
515 516
516 517
517 518
518 519
519 520
520 521
521 522
522 523
523 524
524 525
525 526
526 527
527 528
528 529
529 530
530 531
531 532
532 533
533 534
534 535
535 536
536 537
537 538
538 539
539 540
540 541
541 542
542 543
543 544
544 545
545 546
546 547
547 548
548 549
549 550
550 551
551 552
552 553
553 554
554 555
555 556
556 557
557 558
558 559
559 560
560 561
561 562
562 563
563 564
564 565
565 566
566 567
567 568
568 569
569 570
570 571
571 572
572 573
573 574
574 575
575 576
576 577
577 578
578 579
579 580
580 581
581 582
582 583
583 584
584 585
585 586 2692
586 587 2692
587 588 2692
588 589 2692
589 590 2692
590 591 2693
591 592 2694
592 593 2694
593 594 2695
594 595 2696
595 596 2697
596 597 2698
597 598 2699
598 599 2700
599 600 2701
600 601 2702
601 602 2703
602 603 2704
603 604 2705
604 605 2706
605 606 2707
606 607 2708
607 608 2708
608 609 2709
609 610 2710
610 611 2710
611 612 2711
612 613 2712
613 614 2712
614 615 2713
615 616 2714
616 617 2715
617 618 2716
618 619 2717
619 620 2718
620 621 2719
621 622 2720
622 623 2721
623 624 2722
624 625 2723
625 626 2725
626 627 2726
627 628 2727
628 629 2728
629 630 2729
630 631 2730
631 632 2731
632 633 2732
633 634 2733
634 635 2734
635 636 2735
636 637 2736
637 638 2737
638 639 2738
639 640 2740
640 641 2741
641 642 2742
642 643 2743
643 644 2744
644 645 2745
645 646 2746
646 647 2747
647 648 2748
648 649 2749
649 650 2750
650 651 2751
651 652 2752
652 653 2753
653 654 2754
654 655 2755
655 656 2757
656 657 2758
657 658 2759
658 659 2760
659 660 2761
660 661 2762
661 662 2763
662 663 2764
663 664 2765
664 665 2766
665 666 2767
666 667 2768
667 668 2769
668 669 2770
669 670 2771
670 671 2772
671 672 2773
672 673 2775
673 674 2776
674 675 2777
675 676 2778
676 677 2779
677 678 2780
678 679 2781
679 680 2782
680 681 2783
681 682
682 683
683 684
684 685
685 686
686 687
687 688
688 689
689 690
690 691
691 692
692 693
693 694
694 695
695 696
696 697
697 698
698 699
699 700
700 701
701 702
702 703
703 704
704 705
705 706
706 707
707 708
708 709
709 710
710 711
711 712
712 713
713 714
714 715
715 716
716 717
717 718
718 719
719 720
720 721
721 722
722 723
723 724
724 725
725 726
726 727
727 728
728 729
729 730
730 731
731 732
732 733
733 734
734 735
735 736
736 737
737 738
738 739
739 740
740 741
741 742
742 743
743 744
744 745
745 746
746 747
747 748
748 749
749 750
750 751
751 752
752 753
753 754
754 755
755 756
756 757
757 758
758 759
759 760
760 761
761 762
762 763
763 764
764 765
765 766
766 767
767 768
768 769
769 770
770 771
771 772
772 773
773 774
774 775
775 776
776 777
777 778
778 779
779 780
780 781
781 782
782 783
783 784
784 785
785 786
786 787
787 788
788 789
789 790
790 791
791 792
792 793
793 794
794 795
795 796
796
797 798 80
798 799 80
799 800 80
800 801 81
801 802 81
802 803 81
803 804 81
804 805 81
805 806 82
806 807 82
807 808 83
808 809 83
809 810 84
810 811 85
811 812 85
812 813 86
813 814 87
814 815 88
815 816 89
816 817 90
817 818 91
818 819 93
819 820 94
820 821 95
821 822 96
822 823 97
823 824 98
824 825 99
825 826 100
826 827 100
827 828 100
828 829 100
829 830 101
830 831 101
831 832 101
832 833 101
833 834 101
834 835 101
835 836 102
836 837 102
837 838 103
838 839 103
839 840 103
840 841 103
841 842 104
842 843 104
843 844 104
844 845 105
845 846 105
846 847 106 2701
847 848 107 2700
848 849 109 594 2700
849 850 594 2699
850 851 593 2699
851 852 593 2699
852 853 593 2699
853 854 592 2699
854 855 592 2143 2699
855 856 592 2142 2699
856 857 592 2141 2699
857 858 592 2141 2699
858 859 592 2141 2699
859 860 592 2141 2699
860 861 592 2140 2699
861 862 592 2140 2699
862 863 593 2140 2700
863 864 593 2140 2700
864 865 593 2140 2700
865 866 593 2140 2700
866 867 593 2140 2700
867 868 593 2140 2701
868 869 594 2140 2701
869 870 594 2140 2701
870 871 594 2140 2701
871 872 594 2140 2702
872 873 595 2140 2702
873 874 595 2140 2702
874 875 595 2141 2703
875 876 596 2141 2703
876 877 596 2141 2703
877 878 596 2142 2704
878 879 597 2142 2704
879 880 597 2142 2705
880 881 597 2143 2705
881 882 598 2143 2705
882 883 598 2144 2706
883 884 599 2144 2706
884 885 599 2145 2707
885 886 600 2145 2707
886 887 600 2146 2708
887 888 601 2146 2709
888 889 602 2147 2709
889 890 602 2148 2710
890 891 603 2149 2711
891 892 604 2150 2712
892 893 605 2151 2713
893 894 606 2152 2714
894 895 608 2153 2715
895 896 610 2155 2717
896 897 611 2156 2718
897 898 613 2157 2720
898 899 614 2158 2721
899 900 616 2159 2723
900 901 617 2160 2724
901 902 618 2161 2725
902 903 619 2163 2727
903 904 620 2164 2728
904 905 622 2165 2729
905 906 623 2166 2730
906 907 624 2167 2732
907 908 625 2168 2733
908 909 627 2169 2734
909 910 628 2170 2735
910 911 629 2171 2737
911 912 630 2172 2738
912 913 631 2173 2739
913 914 633 2174 2740
914 915 634 2175 2741
915 916 635 2176 2743
916 917 636 2177 2744
917 918 637 2178 2745
918 919 638 2179 2746
919 920 640 2181 2747
920 921 641 2182 2748
921 922 642 2183 2749
922 923 643 2184 2751
923 924 644 2185 2752
924 925 645 2186 2753
925 926 646 2187 2754
926 927 648 2188 2755
927 928 649 2189 2756
928 929 650 2190 2757
929 930 651 2191 2758
930 931 652 2192 2759
931 932 653 2193 2760
932 933 654 2194 2762
933 934 655 2195 2763
934 935 656 2196 2764
935 936 657 2197 2765
936 937 659 2198 2766
937 938 660 2199 2767
938 939 661 2200 2768
939 940 662 2201 2769
940 941 663 2202 2770
941 942 664 2204 2771
942 943 665 2205 2772
943 944 666 2206 2773
944 945 667 2207 2774
945 946 668 2208 2775
946 947 669 2209 2776
947 948 670 2210 2778
948 949 671 2211 2779
949 950 672 2212 2780
950 951 673 2214 2781
951 952 674 2215 2782
952 953 675 2216 2783
953 954
954 955
955 956
956 957
957 958
958 959
959 960
960 961
961 962
962 963
963 964
964 965
965 966
966 967
967 968
968 969
969 970
970 971
971 972
972 973
973 974
974 975
975 976
976 977
977 978
978 979
979 980
980 981
981 982
982 983
983 984
984 985
985 986
986 987
987 988
988 989
989 990
990 991
991 992
992 993
993 994
994 995
995 996
996 997
997 998
998 999
999 1000
1000 1001
1001 1002
1002 1003
1003 1004
1004 1005
1005 1006
1006 1007
1007 1008
1008 1009
1009 1010
1010 1011
1011 1012
1012 1013
1013 1014
1014 1015
1015 1016
1016 1017
1017 1018
1018 1019
1019 1020
1020 1021
1021 1022
1022 1023
1023 1024
1024 1025
1025 1026
1026 1027
1027 1028
1028 1029
1029 1030
1030 1031
1031 1032
1032 1033
1033 1034
1034 1035
1035 1036
1036 1037
1037 1038
1038 1039
1039 1040
1040 1041
1041 1042
1042 1043
1043 1044
1044 1045
1045 1046
1046 1047
1047 1048
1048 1049
1049 1050
1050 1051
1051 1052
1052 1053
1053 1054
1054 1055
1055 1056
1056 1057
1057 1058
1058 1059
1059 1060
1060 1061
1061 1062
1062 1063
1063 1064
1064 1065
1065 1066
1066 1067
1067 1068
1068 1069
1069 1070
1070 1071
1071 1072
1072 1073
1073 1074
1074 1075
1075 1076
1076 1077
1077 1078
1078 1079
1079 1080
1080 1081
1081 1082
1082 1083
1083 1084
1084 1085
1085 1086
1086 1087
1087 1088
1088 1089
1089 1090
1090 1091
1091 1092
1092 1093
1093 1094
1094 1095
1095 1096
1096 1097
1097 1098
1098 1099
1099 1100
1100 1101
1101 1102
1102 1103
1103 1104
1104 1105
1105 1106
1106 1107
1107 1108
1108 1109
1109 1110
1110 1111
1111 1112
1112 1113
1113 1114
1114 1115
1115 1116
1116 1117
1117 1118
1118 1119
1119 1120
1120 1121
1121 1122
1122 1123
1123 1124
1124 1125
1125 1126
1126 1127
1127 1128
1128 1129
1129 1130
1130 1131
1131 1132
1132 1133
1133 1134
1134 1135
1135 1136
1136 1137
1137 1138
1138 1139
1139 1140
1140 1141
1141 1142
1142 1143
1143 1144
1144 1145
1145 1146
1146 1147
1147 1148
1148 1149
1149 1150
1150 1151
1151 1152
1152 1153
1153 1154
1154 1155
1155 1156
1156 1157
1157 1158
1158 1159
1159 1160
1160 1161
1161 1162
1162 1163
1163 1164
1164 1165
1165 1166
1166 1167
1167 1168
1168 1169
1169 1170
1170 1171
1171 1172
1172 1173
1173 1174
1174 1175
1175 1176
1176 1177
1177 1178
1178 1179
1179 1180
1180 1181
1181 1182
1182 1183
1183 1184
1184 1185
1185 1186
1186 1187
1187 1188
1188 1189
1189 1190
1190 1191
1191 1192
1192 1193
1193 1194
1194
1195 1196
1196 1197
1197 1198
1198 1199
1199 1200
1200 1201
1201 1202
1202 1203
1203 1204
1204 1205
1205 1206
1206 1207
1207 1208
1208 1209
1209 1210
1210 1211
1211 1212
1212 1213
1213 1214 2440
1214 1215 2437
1215 1216 2437
1216 1217 2438
1217 1218 2442
1218 1219 2444
1219 1220 2448
1220 1221 2457
1221 1222 2465
1222 1223 2469
1223 1224 2493
1224 1225 2499
1225 1226 2502
1226 1227 2507
1227 1228 2513
1228 1229 2516
1229 1230 2519
1230 1231 2521
1231 1232 2523
1232 1233 2525
1233 1234 2527
1234 1235 2529
1235 1236 2531
1236 1237 2549
1237 1238 2552
1238 1239 2554
1239 1240 2556
1240 1241 2557
1241 1242 2558
1242 1243 2558
1243 1244 2558
1244 1245 2558
1245 1246 2558
1246 1247 2558
1247 1248 2558
1248 1249 2558
1249 1250 2558
1250 1251 2558
1251 1252 2558
1252 1253 2558
1253 1254 2558
1254 1255 2558
1255 1256 2558
1256 1257 2558
1257 1258 2558
1258 1259 2558
1259 1260 2558
1260 1261 2558
1261 1262 2558
1262 1263 2558
1263 1264 2558
1264 1265 2558
1265 1266 2558
1266 1267 2558
1267 1268 2558
1268 1269 2558
1269 1270 2558
1270 1271 2558
1271 1272 2559
1272 1273 2559
1273 1274 2559
1274 1275 2560
1275 1276 2560
1276 1277 2560
1277 1278 2560
1278 1279 2560
1279 1280 2560
1280 1281 2561
1281 1282 2561
1282 1283 2561
1283 1284 2561
1284 1285 2561
1285 1286 2561
1286 1287 2561
1287 1288 2561
1288 1289 2561
1289 1290 2561
1290 1291 2561
1291 1292 2561
1292 1293 2561
1293 1294 2561
1294 1295 2561
1295 1296 2561
1296 1297 2561
1297 1298 2562
1298 1299 2562
1299 1300 2562
1300 1301 2563
1301 1302 2565
1302 1303 2566
1303 1304 2567
1304 1305 2568
1305 1306 2569
1306 1307 2570
1307 1308 2571
1308 1309 2572
1309 1310 2573
1310 1311 2588
1311 1312 2590
1312 1313 2591
1313 1314 2591
1314 1315 2591
1315 1316 2592
1316 1317 2593
1317 1318 2594
1318 1319 2620
1319 1320 2633
1320 1321 2636
1321 1322 2637
1322 1323 2638
1323 1324 2639
1324 1325 2640
1325 1326 2641
1326 1327 2641
1327 1328 2641
1328 1329 2642
1329 1330 2642
1330 1331 2643
1331 1332 2644
1332 1333 2644
1333 1334 2645
1334 1335 2646
1335 1336 2646
1336 1337 2647
1337 1338 2647
1338 1339 2647
1339 1340 2647
1340 1341 2647
1341 1342 2647
1342 1343 2647
1343 1344 2647
1344 1345 2647
1345 1346 2647
1346 1347 2647
1347 1348 2647
1348 1349 2647
1349 1350 2648
1350 1351 2648
1351 1352 2648
1352 1353 2649
1353 1354 2649
1354 1355 2650
1355 1356 2650
1356 1357 2651
1357 1358 2651
1358 1359 2652
1359 1360 2653
1360 1361 2653
1361 1362 2654
1362 1363 2654
1363 1364 2654
1364 1365 2654
1365 1366 2654
1366 1367 2654
1367 1368 2654
1368 1369 2654
1369 1370 2654
1370 1371 2654
1371 1372 2654
1372 1373 2655
1373 1374 2655
1374 1375 2655
1375 1376 2656
1376 1377 2656
1377 1378 2656
1378 1379 2656
1379 1380 2657
1380 1381 2657
1381 1382 2657
1382 1383 2657
1383 1384 2657
1384 1385 2657
1385 1386 2657
1386 1387 2657
1387 1388 2657
1388 1389 2657
1389 1390 2657
1390 1391 2657
1391 1392 2658
1392 1393 2658
1393 1394 2658
1394 1395 2659
1395 1396 2659
1396 1397 2660
1397 1398 2660
1398 1399 2661
1399 1400 2661
1400 1401 2662
1401 1402 2663
1402 1403 2664
1403 1404
1404 1405
1405 1406
1406 1407
1407 1408
1408 1409
1409 1410
1410 1411
1411 1412
1412 1413
1413 1414
1414 1415
1415 1416
1416 1417
1417 1418
1418 1419
1419 1420
1420 1421
1421 1422
1422 1423
1423 1424
1424 1425
1425 1426
1426 1427
1427 1428
1428 1429
1429 1430
1430 1431
1431 1432
1432 1433
1433 1434
1434 1435
1435 1436
1436 1437
1437 1438
1438 1439
1439 1440
1440 1441
1441 1442
1442 1443
1443 1444
1444 1445
1445 1446
1446 1447
1447 1448
1448 1449
1449 1450
1450 1451
1451 1452
1452 1453
1453 1454
1454 1455
1455 1456
1456 1457
1457 1458
1458 1459
1459 1460
1460 1461
1461 1462
1462 1463
1463 1464
1464 1465
1465 1466
1466 1467
1467 1468
1468 1469
1469 1470
1470 1471
1471 1472
1472 1473
1473 1474
1474 1475
1475 1476
1476 1477
1477 1478
1478 1479
1479 1480
1480 1481
1481 1482
1482 1483
1483 1484
1484 1485
1485 1486
1486 1487
1487 1488
1488 1489
1489 1490
1490 1491
1491 1492
1492 1493
1493 1494
1494 1495
1495 1496
1496 1497
1497 1498
1498 1499
1499 1500
1500 1501
1501 1502
1502 1503
1503 1504
1504 1505
1505 1506
1506 1507
1507 1508
1508 1509
1509 1510
1510 1511
1511 1512
1512 1513
1513 1514
1514 1515
1515 1516
1516 1517
1517 1518
1518 1519
1519 1520
1520 1521
1521 1522
1522 1523
1523 1524
1524 1525
1525 1526
1526 1527
1527 1528
1528 1529
1529 1530
1530 1531
1531 1532
1532 1533
1533 1534
1534 1535
1535 1536
1536 1537
1537 1538
1538 1539
1539 1540
1540 1541
1541 1542
1542 1543
1543 1544
1544 1545
1545 1546
1546 1547
1547 1548
1548 1549
1549 1550
1550 1551
1551 1552
1552 1553
1553 1554
1554 1555
1555 1556
1556 1557
1557 1558
1558 1559
1559 1560
1560 1561
1561 1562
1562 1563
1563 1564
1564 1565
1565 1566
1566 1567
1567 1568
1568 1569
1569 1570
1570 1571
1571 1572
1572 1573
1573 1574
1574 1575
1575 1576
1576 1577
1577 1578
1578 1579
1579 1580
1580 1581
1581 1582
1582 1583
1583 1584
1584 1585
1585 1586
1586 1587
1587 1588
1588 1589
1589 1590
1590 1591
1591 1592
1592
1593 1594 1221 2523
1594 1595 1221 2523
1595 1596 1221 2523
1596 1597 1221 2523
1597 1598 1221 2524
1598 1599 1222 2524
1599 1600 1222 2524
1600 1601 1223 2525
1601 1602 1223 2525
1602 1603 1224 2526
1603 1604 1224 2527
1604 1605 1225 2527
1605 1606 1226 2528
1606 1607 1227 2529
1607 1608 1228 2530
1608 1609 1228 2532
1609 1610 1229 2549
1610 1611 1230 2552
1611 1612 1231 2553
1612 1613 1232 2555
1613 1614 1233 2558
1614 1615 1234 2561
1615 1616 1235 2565
1616 1617 1236 2569
1617 1618 1237 2572
1618 1619 1238 2590
1619 1620 1270 2622
1620 1621 1299 2640
1621 1622 1304 2644
1622 1623 1308 2646
1623 1624 1315 2648
1624 1625 1321 2650
1625 1626 1329 2652
1626 1627 1333 2653
1627 1628 1350 2655
1628 1629 1354 2657
1629 1630 1357 2658
1630 1631 1360 2659
1631 1632 1372 2660
1632 1633 1376 2661
1633 1634 1386 2662
1634 1635 1390 2662
1635 1636 1392 2663
1636 1637 1393 2663
1637 1638 1393 2663
1638 1639 1393 2663
1639 1640 1393 2663
1640 1641 1393 2663
1641 1642 1393 2663
1642 1643 1393 2663
1643 1644 1393 2663
1644 1645 1393 2663
1645 1646 1393 2663
1646 1647 1393 2663
1647 1648 1393 2663
1648 1649 1393 2663
1649 1650 1393 2663
1650 1651 1393 2663
1651 1652 1394 2663
1652 1653 1394 2663
1653 1654 1394 2663
1654 1655 1395 2664
1655 1656 1395 2664
1656 1657 1395 2664
1657 1658 1396 2664
1658 1659 1396 2664
1659 1660 1397 2664
1660 1661 1397 2665
1661 1662 1397 2665
1662 1663 1397 2665
1663 1664 1398 2665 3329
1664 1665 1398 2665 3328
1665 1666 1398 2666 3327
1666 1667 1399 2666 3326
1667 1668 1399 2666 3326
1668 1669 1399 2666 3326
1669 1670 1399 2666 3326
1670 1671 1399 2667 3325
1671 1672 1399 2667 3325
1672 1673 1400 2667 3325
1673 1674 1400 2667 3325
1674 1675 1400 2667 3325
1675 1676 1400 2668 3325
1676 1677 1400 2668 3325
1677 1678 1400 2668 3324
1678 1679 1400 2668 3324
1679 1680 1401 2668 3324
1680 1681 1401 2668 3324
1681 1682 1401 2669 3324
1682 1683 1401 2669 3324
1683 1684 1402 2670 3324
1684 1685 1402 2670 3324
1685 1686 1402 2671 3324
1686 1687 1403 2671 3325
1687 1688 1403 2672 3325
1688 1689 1403 2673 3325
1689 1690 1404 2674 3325
1690 1691 1404 2674 3325
1691 1692 1404 3326
1692 1693 1404 3326
1693 1694 1404 3326
1694 1695 1404 3326
1695 1696 1404 3326
1696 1697 1404 3326
1697 1698 1404 3327
1698 1699 1404 3327
1699 1700 1404 3327
1700 1701 1404 3327
1701 1702 1405 3327
1702 1703 1405 3328
1703 1704 1405 3328
1704 1705 1405 3328
1705 1706 1405 3328
1706 1707 1405 3328
1707 1708 1405 3328
1708 1709 1405 3328
1709 1710 1405 3329
1710 1711 1405 3329
1711 1712 1405 3329
1712 1713 1405 3330
1713 1714 1405 3330
1714 1715 1406 3330
1715 1716 1406 3331
1716 1717 1407 3331
1717 1718 1408 3332
1718 1719 1409 3332
1719 1720 1410 3332
1720 1721 1411 3333
1721 1722 1412 3333
1722 1723 1413 3334
1723 1724 1414 3334
1724 1725 1416 3335
1725 1726 1419 3336
1726 1727 1422 3336
1727 1728 1428 3337
1728 1729 1431 3337
1729 1730 1438 3338
1730 1731 1442 3339
1731 1732 1445 3339
1732 1733 1448 3340
1733 1734 1451 3341
1734 1735 1453 3341
1735 1736 1456 3342
1736 1737 1458 3343
1737 1738 1460 3345
1738 1739 1462 3347
1739 1740 1463 3348
1740 1741 1464 3350
1741 1742 1466 3352
1742 1743 1467 3353
1743 1744 1468 3354
1744 1745 1469 3355
1745 1746 1470 3356
1746 1747 1471 3358
1747 1748 1473 3359
1748 1749 1474 3360
1749 1750 1475 3361
1750 1751 1476 3362
1751 1752 1477 3363
1752 1753 1478 3364
1753 1754 1480 3365
1754 1755 1481 3366
1755 1756 1482 3367
1756 1757 1484 3368
1757 1758 1485 3369
1758 1759 1487 3371
1759 1760 1488 3372
1760 1761 1490 3373
1761 1762 1491 3374
1762 1763 1493 3375
1763 1764 1494 3376
1764 1765 1496 3377
1765 1766 1497 3379
1766 1767 1499 3380
1767 1768 1500 3381
1768 1769 1502 3382
1769 1770 1503 3383
1770 1771 1505 3384
1771 1772 1506 3385
1772 1773 1508 3386
1773 1774 1509 3387
1774 1775 1511 3389
1775 1776 1512 3390
1776 1777 1514 3391
1777 1778 1515 3392
1778 1779 1516 3393
1779 1780 1518 3394
1780 1781 1519 3395
1781 1782 1520 3396
1782 1783 1521 3397
1783 1784 1522 3398
1784 1785 1523 3399
1785 1786 1525 3400
1786 1787 1526 3401
1787 1788 1527 3403
1788 1789 1528 3404
1789 1790 1529 3405
1790 1791 1530 3406
1791 1792 1532 3407
1792 1793 1533 3408
1793 1794 1534 3409
1794 1795 1535 3411
1795 1796 1536 3412
1796 1797 1538 3413
1797 1798 1539 3414
1798 1799 1540 3415
1799 1800 1541 3416
1800 1801 1542 3417
1801 1802 1543 3418
1802 1803 1544 3419
1803 1804 1545 3420
1804 1805 1546 3421
1805 1806 1547 3422
1806 1807 1548 3423
1807 1808
1808 1809
1809 1810
1810 1811
1811 1812
1812 1813
1813 1814
1814 1815
1815 1816
1816 1817
1817 1818
1818 1819
1819 1820
1820 1821
1821 1822
1822 1823
1823 1824
1824 1825
1825 1826
1826 1827
1827 1828
1828 1829
1829 1830
1830 1831
1831 1832
1832 1833
1833 1834
1834 1835
1835 1836
1836 1837
1837 1838
1838 1839
1839 1840
1840 1841
1841 1842
1842 1843
1843 1844
1844 1845
1845 1846
1846 1847
1847 1848
1848 1849
1849 1850
1850 1851
1851 1852
1852 1853
1853 1854
1854 1855
1855 1856
1856 1857
1857 1858
1858 1859
1859 1860
1860 1861
1861 1862
1862 1863
1863 1864
1864 1865
1865 1866
1866 1867
1867 1868
1868 1869
1869 1870
1870 1871
1871 1872
1872 1873
1873 1874
1874 1875
1875 1876
1876 1877
1877 1878
1878 1879
1879 1880
1880 1881
1881 1882
1882 1883
1883 1884
1884 1885
1885 1886
1886 1887
1887 1888
1888 1889
1889 1890
1890 1891
1891 1892
1892 1893
1893 1894
1894 1895
1895 1896
1896 1897
1897 1898
1898 1899
1899 1900
1900 1901
1901 1902
1902 1903
1903 1904
1904 1905
1905 1906
1906 1907
1907 1908
1908 1909
1909 1910
1910 1911
1911 1912
1912 1913
1913 1914
1914 1915
1915 1916
1916 1917
1917 1918
1918 1919
1919 1920
1920 1921
1921 1922
1922 1923
1923 1924
1924 1925
1925 1926
1926 1927
1927 1928
1928 1929
1929 1930
1930 1931
1931 1932
1932 1933
1933 1934
1934 1935
1935 1936
1936 1937
1937 1938
1938 1939
1939 1940
1940 1941
1941 1942
1942 1943
1943 1944
1944 1945
1945 1946
1946 1947
1947 1948
1948 1949
1949 1950
1950 1951
1951 1952
1952 1953
1953 1954
1954 1955
1955 1956
1956 1957
1957 1958
1958 1959
1959 1960
1960 1961
1961 1962
1962 1963
1963 1964
1964 1965
1965 1966
1966 1967
1967 1968
1968 1969
1969 1970
1970 1971
1971 1972
1972 1973
1973 1974
1974 1975
1975 1976
1976 1977
1977 1978
1978 1979
1979 1980
1980 1981
1981 1982
1982 1983
1983 1984
1984 1985
1985 1986
1986 1987
1987 1988
1988 1989
1989 1990
1990
1991 1992
1992 1993
1993 1994
1994 1995
1995 1996
1996 1997
1997 1998
1998 1999
1999 2000
2000 2001
2001 2002
2002 2003
2003 2004
2004 2005
2005 2006
2006 2007
2007 2008
2008 2009
2009 2010
2010 2011
2011 2012
2012 2013
2013 2014
2014 2015
2015 2016
2016 2017
2017 2018
2018 2019
2019 2020
2020 2021
2021 2022
2022 2023
2023 2024
2024 2025
2025 2026
2026 2027
2027 2028
2028 2029
2029 2030
2030 2031
2031 2032
2032 2033
2033 2034
2034 2035
2035 2036
2036 2037
2037 2038
2038 2039
2039 2040
2040 2041
2041 2042
2042 2043
2043 2044
2044 2045
2045 2046
2046 2047
2047 2048
2048 2049
2049 2050
2050 2051
2051 2052
2052 2053
2053 2054
2054 2055
2055 2056
2056 2057
2057 2058
2058 2059
2059 2060
2060 2061
2061 2062
2062 2063
2063 2064
2064 2065
2065 2066
2066 2067
2067 2068
2068 2069
2069 2070
2070 2071
2071 2072
2072 2073
2073 2074
2074 2075
2075 2076
2076 2077
2077 2078
2078 2079
2079 2080
2080 2081
2081 2082
2082 2083
2083 2084
2084 2085
2085 2086
2086 2087
2087 2088
2088 2089
2089 2090
2090 2091
2091 2092
2092 2093
2093 2094
2094 2095
2095 2096
2096 2097
2097 2098
2098 2099
2099 2100
2100 2101
2101 2102
2102 2103
2103 2104
2104 2105
2105 2106
2106 2107
2107 2108
2108 2109
2109 2110
2110 2111
2111 2112
2112 2113
2113 2114
2114 2115
2115 2116
2116 2117
2117 2118
2118 2119
2119 2120
2120 2121
2121 2122
2122 2123
2123 2124
2124 2125
2125 2126
2126 2127
2127 2128
2128 2129
2129 2130
2130 2131
2131 2132
2132 2133
2133 2134
2134 2135
2135 2136
2136 2137
2137 2138
2138 2139 591
2139 2140 591 2701
2140 2141 591 2700
2141 2142 592 2700
2142 2143 592 2700
2143 2144 593 2701
2144 2145 594 2701
2145 2146 594 2702
2146 2147 595 2703
2147 2148 596 2704
2148 2149 597 2705
2149 2150 598 2706
2150 2151 599 2707
2151 2152 600 2707
2152 2153 600 2708
2153 2154 601 2709
2154 2155 602 2710
2155 2156 602 2710
2156 2157 603 2711
2157 2158 604 2712
2158 2159 605 2713
2159 2160 606 2714
2160 2161 608 2715
2161 2162 609 2716
2162 2163 611 2718
2163 2164 612 2719
2164 2165 613 2720
2165 2166 614 2721
2166 2167 615 2723
2167 2168 616 2724
2168 2169 618 2725
2169 2170 619 2726
2170 2171 620 2728
2171 2172 621 2729
2172 2173 622 2730
2173 2174 624 2732
2174 2175 625 2733
2175 2176 626 2734
2176 2177 627 2736
2177 2178 629 2737
2178 2179 630 2738
2179 2180 631 2739
2180 2181 633 2741
2181 2182 634 2742
2182 2183 635 2743
2183 2184 636 2744
2184 2185 637 2745
2185 2186 638 2746
2186 2187 639 2747
2187 2188 641 2748
2188 2189 642 2749
2189 2190 643 2750
2190 2191 644 2751
2191 2192 645 2753
2192 2193 646 2754
2193 2194 647 2755
2194 2195 649 2756
2195 2196 650 2757
2196 2197 651 2758
2197 2198 652 2760
2198 2199 653 2761
2199 2200 655 2762
2200 2201 656 2763
2201 2202 657 2764
2202 2203 658 2765
2203 2204 659 2766
2204 2205 659 2767
2205 2206 660 2768
2206 2207 661 2769
2207 2208 662 2770
2208 2209 663 2771
2209 2210 664 2772
2210 2211 665 2773
2211 2212 666 2774
2212 2213 667 2774
2213 2214 668 2775
2214 2215 669 2776
2215 2216 670 2777
2216 2217 671 2778
2217 2218 672 2779
2218 2219 673 2780
2219 2220 674 2781
2220 2221 675 2782
2221 2222
2222 2223
2223 2224
2224 2225
2225 2226
2226 2227
2227 2228
2228 2229
2229 2230
2230 2231
2231 2232
2232 2233
2233 2234
2234 2235
2235 2236
2236 2237
2237 2238
2238 2239
2239 2240
2240 2241
2241 2242
2242 2243
2243 2244
2244 2245
2245 2246
2246 2247
2247 2248
2248 2249
2249 2250
2250 2251
2251 2252
2252 2253
2253 2254
2254 2255
2255 2256
2256 2257
2257 2258
2258 2259
2259 2260
2260 2261
2261 2262
2262 2263
2263 2264
2264 2265
2265 2266
2266 2267
2267 2268
2268 2269
2269 2270
2270 2271
2271 2272
2272 2273
2273 2274
2274 2275
2275 2276
2276 2277
2277 2278
2278 2279
2279 2280
2280 2281
2281 2282
2282 2283
2283 2284
2284 2285
2285 2286
2286 2287
2287 2288
2288 2289
2289 2290
2290 2291
2291 2292
2292 2293
2293 2294
2294 2295
2295 2296
2296 2297
2297 2298
2298 2299
2299 2300
2300 2301
2301 2302
2302 2303
2303 2304
2304 2305
2305 2306
2306 2307
2307 2308
2308 2309
2309 2310
2310 2311
2311 2312
2312 2313
2313 2314
2314 2315
2315 2316
2316 2317
2317 2318
2318 2319
2319 2320
2320 2321
2321 2322
2322 2323
2323 2324
2324 2325
2325 2326
2326 2327
2327 2328
2328 2329
2329 2330
2330 2331
2331 2332
2332 2333
2333 2334
2334 2335
2335 2336
2336 2337
2337 2338
2338 2339
2339 2340
2340 2341
2341 2342
2342 2343
2343 2344
2344 2345
2345 2346
2346 2347
2347 2348
2348 2349
2349 2350
2350 2351
2351 2352
2352 2353
2353 2354
2354 2355
2355 2356
2356 2357
2357 2358
2358 2359
2359 2360
2360 2361
2361 2362
2362 2363
2363 2364
2364 2365
2365 2366
2366 2367
2367 2368
2368 2369
2369 2370
2370 2371
2371 2372
2372 2373
2373 2374
2374 2375
2375 2376
2376 2377
2377 2378
2378 2379
2379 2380
2380 2381
2381 2382
2382 2383
2383 2384
2384 2385
2385 2386
2386 2387
2387 2388
2388
2389 2390
2390 2391
2391 2392
2392 2393
2393 2394
2394 2395
2395 2396
2396 2397
2397 2398
2398 2399
2399 2400
2400 2401
2401 2402
2402 2403
2403 2404
2404 2405
2405 2406
2406 2407
2407 2408
2408 2409
2409 2410
2410 2411
2411 2412
2412 2413
2413 2414
2414 2415
2415 2416
2416 2417
2417 2418
2418 2419
2419 2420
2420 2421
2421 2422
2422 2423
2423 2424
2424 2425
2425 2426
2426 2427
2427 2428
2428 2429
2429 2430
2430 2431
2431 2432
2432 2433
2433 2434
2434 2435
2435 2436
2436 2437
2437 2438
2438 2439
2439 2440
2440 2441
2441 2442
2442 2443
2443 2444
2444 2445
2445 2446
2446 2447
2447 2448
2448 2449
2449 2450
2450 2451
2451 2452
2452 2453
2453 2454
2454 2455
2455 2456
2456 2457
2457 2458
2458 2459
2459 2460
2460 2461
2461 2462
2462 2463
2463 2464
2464 2465
2465 2466
2466 2467
2467 2468
2468 2469
2469 2470
2470 2471
2471 2472
2472 2473
2473 2474
2474 2475
2475 2476
2476 2477
2477 2478
2478 2479
2479 2480
2480 2481
2481 2482
2482 2483
2483 2484
2484 2485
2485 2486
2486 2487
2487 2488
2488 2489
2489 2490
2490 2491
2491 2492
2492 2493
2493 2494
2494 2495
2495 2496
2496 2497
2497 2498
2498 2499
2499 2500
2500 2501
2501 2502
2502 2503
2503 2504
2504 2505
2505 2506
2506 2507
2507 2508
2508 2509
2509 2510
2510 2511
2511 2512
2512 2513
2513 2514
2514 2515
2515 2516
2516 2517
2517 2518
2518 2519
2519 2520
2520 2521
2521 2522
2522 2523
2523 2524
2524 2525
2525 2526
2526 2527
2527 2528
2528 2529
2529 2530
2530 2531
2531 2532
2532 2533
2533 2534
2534 2535
2535 2536
2536 2537
2537 2538
2538 2539
2539 2540
2540 2541
2541 2542
2542 2543
2543 2544
2544 2545
2545 2546
2546 2547
2547 2548
2548 2549
2549 2550
2550 2551
2551 2552
2552 2553
2553 2554
2554 2555
2555 2556
2556 2557
2557 2558
2558 2559
2559 2560
2560 2561
2561 2562
2562 2563
2563 2564
2564 2565
2565 2566
2566 2567
2567 2568
2568 2569
2569 2570
2570 2571
2571 2572
2572 2573
2573 2574
2574 2575
2575 2576
2576 2577
2577 2578
2578 2579
2579 2580
2580 2581
2581 2582
2582 2583
2583 2584
2584 2585
2585 2586
2586 2587
2587 2588
2588 2589
2589 2590
2590 2591
2591 2592
2592 2593
2593 2594
2594 2595
2595 2596
2596 2597
2597 2598
2598 2599
2599 2600
2600 2601
2601 2602
2602 2603
2603 2604
2604 2605
2605 2606
2606 2607
2607 2608
2608 2609
2609 2610
2610 2611
2611 2612
2612 2613
2613 2614
2614 2615
2615 2616
2616 2617
2617 2618
2618 2619
2619 2620
2620 2621
2621 2622
2622 2623
2623 2624
2624 2625
2625 2626
2626 2627
2627 2628
2628 2629
2629 2630
2630 2631
2631 2632
2632 2633
2633 2634
2634 2635
2635 2636
2636 2637
2637 2638
2638 2639
2639 2640
2640 2641
2641 2642
2642 2643
2643 2644
2644 2645
2645 2646
2646 2647
2647 2648
2648 2649
2649 2650
2650 2651
2651 2652
2652 2653
2653 2654
2654 2655
2655 2656
2656 2657
2657 2658
2658 2659
2659 2660
2660 2661
2661 2662
2662 2663
2663 2664
2664 2665
2665 2666
2666 2667
2667 2668
2668 2669
2669 2670
2670 2671
2671 2672
2672 2673
2673 2674
2674 2675
2675 2676
2676 2677
2677 2678
2678 2679
2679 2680
2680 2681
2681 2682
2682 2683
2683 2684
2684 2685
2685 2686
2686 2687
2687 2688
2688 2689
2689 2690
2690 2691
2691 2692
2692 2693
2693 2694
2694 2695
2695 2696
2696 2697
2697 2698
2698 2699
2699 2700
2700 2701
2701 2702
2702 2703
2703 2704
2704 2705
2705 2706
2706 2707
2707 2708
2708 2709
2709 2710
2710 2711
2711 2712
2712 2713
2713 2714
2714 2715
2715 2716
2716 2717
2717 2718
2718 2719
2719 2720
2720 2721
2721 2722
2722 2723
2723 2724
2724 2725
2725 2726
2726 2727
2727 2728
2728 2729
2729 2730
2730 2731
2731 2732
2732 2733
2733 2734
2734 2735
2735 2736
2736 2737
2737 2738
2738 2739
2739 2740
2740 2741
2741 2742
2742 2743
2743 2744
2744 2745
2745 2746
2746 2747
2747 2748
2748 2749
2749 2750
2750 2751
2751 2752
2752 2753
2753 2754
2754 2755
2755 2756
2756 2757
2757 2758
2758 2759
2759 2760
2760 2761
2761 2762
2762 2763
2763 2764
2764 2765
2765 2766
2766 2767
2767 2768
2768 2769
2769 2770
2770 2771
2771 2772
2772 2773
2773 2774
2774 2775
2775 2776
2776 2777
2777 2778
2778 2779
2779 2780
2780 2781
2781 2782
2782 2783
2783 2784
2784 2785
2785 2786
2786
2787 2788 2080
2788 2789 2080
2789 2790 2080
2790 2791 2080
2791 2792 2081
2792 2793 2081
2793 2794 2081
2794 2795 2081
2795 2796 2081
2796 2797 2082
2797 2798 2082
2798 2799 2082
2799 2800 2083
2800 2801 2083
2801 2802 2083
2802 2803 2084
2803 2804 2084
2804 2805 2085
2805 2806 2085
2806 2807 2086
2807 2808 2086
2808 2809 2087
2809 2810 2087
2810 2811 2088
2811 2812 2088
2812 2813 2089
2813 2814 2090
2814 2815 2090
2815 2816 2091
2816 2817 2092
2817 2818 2092
2818 2819 2093
2819 2820 2094
2820 2821 2095
2821 2822 2096
2822 2823 2096
2823 2824 2097
2824 2825 2098
2825 2826 2099
2826 2827 2100
2827 2828 2100
2828 2829 2101
2829 2830 2102
2830 2831 2102
2831 2832 2103
2832 2833 2103
2833 2834 2104
2834 2835 2104
2835 2836 2105
2836 2837 2105
2837 2838 2106
2838 2839 2107
2839 2840 2107
2840 2841 2108
2841 2842 2108
2842 2843 2109
2843 2844 2110
2844 2845 2110
2845 2846 2111
2846 2847 2112
2847 2848 2112
2848 2849 2113
2849 2850 2114
2850 2851 2115
2851 2852 2116
2852 2853 2117
2853 2854 2119
2854 2855 2122
2855 2856
2856 2857
2857 2858
2858 2859
2859 2860
2860 2861
2861 2862 575
2862 2863 574
2863 2864 574
2864 2865 574
2865 2866 574
2866 2867 574
2867 2868 574
2868 2869 574
2869 2870 574
2870 2871 574
2871 2872 574
2872 2873 573
2873 2874 573
2874 2875 573
2875 2876 573
2876 2877 573
2877 2878 572
2878 2879 572
2879 2880 572
2880 2881 571
2881 2882 571
2882 2883 570
2883 2884 570
2884 2885 569
2885 2886 569
2886 2887 568
2887 2888 568
2888 2889 567
2889 2890 567
2890 2891 566
2891 2892 566
2892 2893 566
2893 2894 565
2894 2895 565
2895 2896 565
2896 2897 565
2897 2898 565
2898 2899 177 565
2899 2900 176 566
2900 2901 176
2901 2902 176
2902 2903 177
2903 2904 177
2904 2905 177
2905 2906 177
2906 2907 178
2907 2908 178
2908 2909 178
2909 2910 179
2910 2911 180
2911 2912 181
2912 2913 182
2913 2914 183
2914 2915 184
2915 2916 185
2916 2917 187
2917 2918 188
2918 2919 190
2919 2920 191
2920 2921 192
2921 2922 194
2922 2923 195
2923 2924 196
2924 2925 197
2925 2926 198
2926 2927 199
2927 2928 200
2928 2929 201
2929 2930 202
2930 2931 204
2931 2932 205
2932 2933 207
2933 2934 208
2934 2935 210
2935 2936 212
2936 2937 213
2937 2938 214
2938 2939 215
2939 2940 216
2940 2941 217
2941 2942 219
2942 2943 220
2943 2944 221
2944 2945 222
2945 2946 223
2946 2947 225
2947 2948 226
2948 2949 227
2949 2950 228
2950 2951 229
2951 2952 230
2952 2953 231
2953 2954 232
2954 2955 233
2955 2956 235
2956 2957 236
2957 2958 237
2958 2959 238
2959 2960 239
2960 2961 240
2961 2962 242
2962 2963 243
2963 2964 244
2964 2965 245
2965 2966 246
2966 2967 247
2967 2968 248
2968 2969 250
2969 2970 251
2970 2971 252
2971 2972 253
2972 2973 254
2973 2974 255
2974 2975 256
2975 2976 257
2976 2977 259
2977 2978 260
2978 2979 261
2979 2980 262
2980 2981 263
2981 2982 264
2982 2983 265
2983 2984 266
2984 2985 267
2985 2986 268
2986 2987 270
2987 2988 271
2988 2989 272
2989 2990 273
2990 2991 274
2991 2992 275
2992 2993 276
2993 2994 277
2994 2995 278
2995 2996 279
2996 2997 280
2997 2998 281
2998 2999 283
2999 3000 284
3000 3001 285
3001 3002 286
3002 3003 287
3003 3004 288
3004 3005 289
3005 3006 290
3006 3007 291
3007 3008 292
3008 3009 293
3009 3010 294
3010 3011 295
3011 3012 296
3012 3013 297
3013 3014 298
3014 3015 299
3015 3016
3016 3017
3017 3018
3018 3019
3019 3020
3020 3021
3021 3022
3022 3023
3023 3024
3024 3025
3025 3026
3026 3027
3027 3028
3028 3029
3029 3030
3030 3031
3031 3032
3032 3033
3033 3034
3034 3035
3035 3036
3036 3037
3037 3038
3038 3039
3039 3040
3040 3041
3041 3042
3042 3043
3043 3044
3044 3045
3045 3046
3046 3047
3047 3048
3048 3049
3049 3050
3050 3051
3051 3052
3052 3053
3053 3054
3054 3055
3055 3056
3056 3057
3057 3058
3058 3059
3059 3060
3060 3061
3061 3062
3062 3063
3063 3064
3064 3065
3065 3066
3066 3067
3067 3068
3068 3069
3069 3070
3070 3071
3071 3072
3072 3073
3073 3074
3074 3075
3075 3076
3076 3077
3077 3078
3078 3079
3079 3080
3080 3081
3081 3082
3082 3083
3083 3084
3084 3085
3085 3086
3086 3087
3087 3088
3088 3089
3089 3090
3090 3091
3091 3092
3092 3093
3093 3094
3094 3095
3095 3096
3096 3097
3097 3098
3098 3099
3099 3100
3100 3101
3101 3102
3102 3103
3103 3104
3104 3105
3105 3106
3106 3107
3107 3108
3108 3109
3109 3110
3110 3111
3111 3112
3112 3113
3113 3114
3114 3115
3115 3116
3116 3117
3117 3118
3118 3119
3119 3120
3120 3121
3121 3122
3122 3123
3123 3124
3124 3125
3125 3126
3126 3127
3127 3128
3128 3129
3129 3130
3130 3131
3131 3132
3132 3133
3133 3134
3134 3135
3135 3136
3136 3137
3137 3138
3138 3139
3139 3140
3140 3141
3141 3142
3142 3143
3143 3144
3144 3145
3145 3146
3146 3147
3147 3148
3148 3149
3149 3150
3150 3151
3151 3152
3152 3153
3153 3154
3154 3155
3155 3156
3156 3157
3157 3158
3158 3159
3159 3160
3160 3161
3161 3162
3162 3163
3163 3164
3164 3165
3165 3166
3166 3167
3167 3168
3168 3169
3169 3170
3170 3171
3171 3172
3172 3173
3173 3174
3174 3175
3175 3176
3176 3177
3177 3178
3178 3179
3179 3180
3180 3181
3181 3182
3182 3183
3183 3184
3184
3185 3186 462 3616
3186 3187 462 3616
3187 3188 462 3616
3188 3189 462 3616
3189 3190 462 3616
3190 3191 462 3616
3191 3192 463 3617
3192 3193 463 3617
3193 3194 463 3617
3194 3195 464 3618
3195 3196 464 3619
3196 3197 465 3619
3197 3198 466 3620
3198 3199 466 3620
3199 3200 467 3621
3200 3201 468 3622
3201 3202 468 3622
3202 3203 469 3623
3203 3204 470 3624
3204 3205 471 3625
3205 3206 472 3626
3206 3207 473 3626
3207 3208 474 3627
3208 3209 475 3628
3209 3210 476 3629
3210 3211 478 3630
3211 3212 479 3631
3212 3213 480 3632
3213 3214 482 3633
3214 3215 483 3634
3215 3216 484 3635
3216 3217 485 3637
3217 3218 487 3638
3218 3219 488 3639
3219 3220 489 3640
3220 3221 491 3641
3221 3222 492 3642
3222 3223 493 3644
3223 3224 494 3645
3224 3225 496 3646
3225 3226 497 3647
3226 3227 498 3648
3227 3228 500 3650
3228 3229 501 3651
3229 3230 505 3652
3230 3231 508 3654
3231 3232 511 3655
3232 3233 513 3656
3233 3234 514 3658
3234 3235 517 3659
3235 3236 532 3660
3236 3237 535 3661
3237 3238 538 3662
3238 3239 539 3662
3239 3240 541 3663
3240 3241 542 3664
3241 3242 543 3665
3242 3243 545 3666
3243 3244 546 3667
3244 3245 547 3668
3245 3246 548 3668
3246 3247 549 3669
3247 3248 549 3670
3248 3249 550 3671
3249 3250 551 3671
3250 3251 551 3672
3251 3252 552 3673
3252 3253 553 3673
3253 3254 553 3674
3254 3255 554 3675
3255 3256 555 3678
3256 3257 557 2901 3686
3257 3258 558 2898
3258 3259 559 2896
3259 3260 181 561 2894
3260 3261 179 562 2893
3261 3262 177 564 2892
3262 3263 176 2892
3263 3264 175 2891
3264 3265 174 2891
3265 3266 173 2892
3266 3267 172 2892
3267 3268 171 2893
3268 3269 170 2894
3269 3270 169
3270 3271 168
3271 3272 167
3272 3273 167
3273 3274 166
3274 3275 166
3275 3276 166
3276 3277 166
3277 3278 166
3278 3279 166
3279 3280 166
3280 3281 166
3281 3282 166
3282 3283 166
3283 3284 166
3284 3285 166
3285 3286 166
3286 3287 166
3287 3288 166
3288 3289 166
3289 3290 166
3290 3291 166
3291 3292 166
3292 3293 166
3293 3294 166
3294 3295 166
3295 3296 166
3296 3297 166
3297 3298 166
3298 3299 166
3299 3300 165
3300 3301 165
3301 3302 165
3302 3303 165
3303 3304 165 2681
3304 3305 165 2681
3305 3306 165 2681
3306 3307 165 2680
3307 3308 165 2680
3308 3309 165 2680
3309 3310 165 2680
3310 3311 165 2680
3311 3312 166 2679
3312 3313 166 2679
3313 3314 166 2679
3314 3315 166 2678
3315 3316 166 2678
3316 3317 166 2677
3317 3318 166 2677
3318 3319 166 2676
3319 3320 166 2676
3320 3321 166 2675
3321 3322 167 2675
3322 3323 168 2674
3323 3324 2674
3324 3325 2674
3325 3326 2673
3326 3327 2673
3327 3328 2673
3328 3329 2672
3329 3330 2672
3330 3331 2673
3331 3332 2673
3332 3333 1409 2674
3333 3334 1404
3334 3335 1402
3335 3336 1401
3336 3337 1401
3337 3338 1402
3338 3339 1403
3339 3340 1404
3340 3341 1410
3341 3342 1415
3342 3343 1422
3343 3344 1432
3344 3345 1441
3345 3346 1444
3346 3347 1446
3347 3348 1448
3348 3349 1450
3349 3350 1452
3350 3351 1454
3351 3352 1456
3352 3353 1457
3353 3354 1459
3354 3355 1460
3355 3356 1461
3356 3357 1462
3357 3358 1463
3358 3359 1464
3359 3360 1465
3360 3361 1466
3361 3362 1467
3362 3363 1468
3363 3364 1470
3364 3365 1471
3365 3366 1472
3366 3367 1473
3367 3368 1475
3368 3369 1476
3369 3370 1477
3370 3371 1478
3371 3372 1480
3372 3373 1481
3373 3374 1482
3374 3375 1484
3375 3376 1485
3376 3377 1487
3377 3378 1488
3378 3379 1489
3379 3380 1491
3380 3381 1492
3381 3382 1493
3382 3383 1494
3383 3384 1496
3384 3385 1497
3385 3386 1498
3386 3387 1500
3387 3388 1501
3388 3389 1503
3389 3390 1504
3390 3391 1506
3391 3392 1507
3392 3393 1509
3393 3394 1510
3394 3395 1511
3395 3396 1513
3396 3397 1514
3397 3398 1515
3398 3399 1517
3399 3400 1518
3400 3401 1519
3401 3402 1520
3402 3403 1521
3403 3404 1522
3404 3405 1523
3405 3406 1524
3406 3407 1525
3407 3408 1526
3408 3409 1527
3409 3410 1528
3410 3411 1529
3411 3412 1530
3412 3413 1532
3413 3414 1533
3414 3415 1533
3415 3416 1534
3416 3417 1535
3417 3418 1536
3418 3419 1537
3419 3420 1539
3420 3421 1540
3421 3422 1541
3422 3423 1542
3423 3424 1543
3424 3425 1544
3425 3426 1545
3426 3427 1546
3427 3428 1547
3428 3429 1548
3429 3430
3430 3431
3431 3432
3432 3433
3433 3434
3434 3435
3435 3436
3436 3437
3437 3438
3438 3439
3439 3440
3440 3441
3441 3442
3442 3443
3443 3444
3444 3445
3445 3446
3446 3447
3447 3448
3448 3449
3449 3450
3450 3451
3451 3452
3452 3453
3453 3454
3454 3455
3455 3456
3456 3457
3457 3458
3458 3459
3459 3460
3460 3461
3461 3462
3462 3463
3463 3464
3464 3465
3465 3466
3466 3467
3467 3468
3468 3469
3469 3470
3470 3471
3471 3472
3472 3473
3473 3474
3474 3475
3475 3476
3476 3477
3477 3478
3478 3479
3479 3480
3480 3481
3481 3482
3482 3483
3483 3484
3484 3485
3485 3486
3486 3487
3487 3488
3488 3489
3489 3490
3490 3491
3491 3492
3492 3493
3493 3494
3494 3495
3495 3496
3496 3497
3497 3498
3498 3499
3499 3500
3500 3501
3501 3502
3502 3503
3503 3504
3504 3505
3505 3506
3506 3507
3507 3508
3508 3509
3509 3510
3510 3511
3511 3512
3512 3513
3513 3514
3514 3515
3515 3516
3516 3517
3517 3518
3518 3519
3519 3520
3520 3521
3521 3522
3522 3523
3523 3524
3524 3525
3525 3526
3526 3527
3527 3528
3528 3529
3529 3530
3530 3531
3531 3532
3532 3533
3533 3534
3534 3535
3535 3536
3536 3537
3537 3538
3538 3539
3539 3540
3540 3541
3541 3542
3542 3543
3543 3544
3544 3545
3545 3546
3546 3547
3547 3548
3548 3549
3549 3550
3550 3551
3551 3552
3552 3553
3553 3554
3554 3555
3555 3556
3556 3557
3557 3558
3558 3559
3559 3560
3560 3561
3561 3562
3562 3563
3563 3564
3564 3565
3565 3566
3566 3567
3567 3568
3568 3569
3569 3570
3570 3571
3571 3572
3572 3573
3573 3574
3574 3575
3575 3576
3576 3577
3577 3578
3578 3579
3579 3580
3580 3581
3581 3582
3582
3583 3584
3584 3585
3585 3586
3586 3587
3587 3588
3588 3589
3589 3590
3590 3591
3591 3592
3592 3593
3593 3594 445
3594 3595 443
3595 3596 442
3596 3597 441
3597 3598 440
3598 3599 440
3599 3600 440
3600 3601 440
3601 3602 440
3602 3603 440
3603 3604 440
3604 3605 441
3605 3606 442
3606 3607 443
3607 3608 446
3608 3609 447
3609 3610 449
3610 3611 450
3611 3612 451
3612 3613 453
3613 3614 454
3614 3615 455
3615 3616 457
3616 3617 458
3617 3618 459
3618 3619 460
3619 3620 461
3620 3621 462
3621 3622 464
3622 3623 465
3623 3624 466
3624 3625 467
3625 3626 468
3626 3627 469
3627 3628 470
3628 3629 471
3629 3630 472
3630 3631 473
3631 3632 475
3632 3633 476
3633 3634 477
3634 3635 478
3635 3636 479
3636 3637 480
3637 3638 482
3638 3639 483
3639 3640 484
3640 3641 485
3641 3642 486
3642 3643 487
3643 3644 488
3644 3645 489
3645 3646 491
3646 3647 492
3647 3648 493
3648 3649 494
3649 3650 495
3650 3651 496
3651 3652 497
3652 3653 498
3653 3654 499
3654 3655 500
3655 3656 501
3656 3657 504
3657 3658 507
3658 3659 509
3659 3660 511
3660 3661 512
3661 3662 514
3662 3663 516
3663 3664 520
3664 3665 534
3665 3666 536
3666 3667 539
3667 3668 540
3668 3669 542
3669 3670 543
3670 3671 544
3671 3672 545
3672 3673 546
3673 3674 547
3674 3675 548
3675 3676 548
3676 3677 549
3677 3678 549
3678 3679 550
3679 3680 550
3680 3681 550
3681 3682 550
3682 3683 550
3683 3684 550
3684 3685 550
3685 3686 550
3686 3687 551
3687 3688 551
3688 3689 551
3689 3690 551
3690 3691 552
3691 3692 552
3692 3693 553
3693 3694 554
3694 3695 554
3695 3696 555
3696 3697 556
3697 3698 557
3698 3699 559
3699 3700 560
3700 3701 562
3701 3702
3702 3703
3703 3704
3704 3705
3705 3706
3706 3707
3707 3708
3708 3709
3709 3710
3710 3711
3711 3712
3712 3713
3713 3714
3714 3715
3715 3716
3716 3717
3717 3718
3718 3719
3719 3720
3720 3721
3721 3722
3722 3723
3723 3724
3724 3725
3725 3726
3726 3727
3727 3728
3728 3729
3729 3730
3730 3731
3731 3732
3732 3733
3733 3734
3734 3735
3735 3736
3736 3737
3737 3738
3738 3739
3739 3740
3740 3741
3741 3742
3742 3743
3743 3744
3744 3745
3745 3746
3746 3747
3747 3748
3748 3749
3749 3750
3750 3751
3751 3752
3752 3753
3753 3754
3754 3755
3755 3756
3756 3757
3757 3758
3758 3759
3759 3760
3760 3761
3761 3762
3762 3763
3763 3764
3764 3765
3765 3766
3766 3767
3767 3768
3768 3769
3769 3770
3770 3771
3771 3772
3772 3773
3773 3774
3774 3775
3775 3776
3776 3777
3777 3778
3778 3779
3779 3780
3780 3781
3781 3782
3782 3783
3783 3784
3784 3785
3785 3786
3786 3787
3787 3788
3788 3789
3789 3790
3790 3791
3791 3792
3792 3793
3793 3794
3794 3795
3795 3796
3796 3797
3797 3798
3798 3799
3799 3800
3800 3801
3801 3802
3802 3803
3803 3804
3804 3805
3805 3806
3806 3807
3807 3808
3808 3809
3809 3810
3810 3811
3811 3812
3812 3813
3813 3814
3814 3815
3815 3816
3816 3817
3817 3818
3818 3819
3819 3820
3820 3821
3821 3822
3822 3823
3823 3824
3824 3825
3825 3826
3826 3827
3827 3828
3828 3829
3829 3830
3830 3831
3831 3832
3832 3833
3833 3834
3834 3835
3835 3836
3836 3837
3837 3838
3838 3839
3839 3840
3840 3841
3841 3842
3842 3843
3843 3844
3844 3845
3845 3846
3846 3847
3847 3848
3848 3849
3849 3850
3850 3851
3851 3852
3852 3853
3853 3854
3854 3855
3855 3856
3856 3857
3857 3858
3858 3859
3859 3860
3860 3861
3861 3862
3862 3863
3863 3864
3864 3865
3865 3866
3866 3867
3867 3868
3868 3869
3869 3870
3870 3871
3871 3872
3872 3873
3873 3874
3874 3875
3875 3876
3876 3877
3877 3878
3878 3879
3879 3880
3880 3881
3881 3882
3882 3883
3883 3884
3884 3885
3885 3886
3886 3887
3887 3888
3888 3889
3889 3890
3890 3891
3891 3892
3892 3893
3893 3894
3894 3895
3895 3896
3896 3897
3897 3898
3898 3899
3899 3900
3900 3901
3901 3902
3902 3903
3903 3904
3904 3905
3905 3906
3906 3907
3907 3908
3908 3909
3909 3910
3910 3911
3911 3912
3912 3913
3913 3914
3914 3915
3915 3916
3916 3917
3917 3918
3918 3919
3919 3920
3920 3921
3921 3922
3922 3923
3923 3924
3924 3925
3925 3926
3926 3927
3927 3928
3928 3929
3929 3930
3930 3931
3931 3932
3932 3933
3933 3934
3934 3935
3935 3936
3936 3937
3937 3938
3938 3939
3939 3940
3940 3941
3941 3942
3942 3943
3943 3944
3944 3945
3945 3946
3946 3947
3947 3948
3948 3949
3949 3950
3950 3951
3951 3952
3952 3953
3953 3954
3954 3955
3955 3956
3956 3957
3957 3958
3958 3959
3959 3960
3960 3961
3961 3962
3962 3963
3963 3964
3964 3965
3965 3966
3966 3967
3967 3968
3968 3969
3969 3970
3970 3971
3971 3972
3972 3973
3973 3974
3974 3975
3975 3976
3976 3977
3977 3978
3978 3979
3979 3980
3980
